examples/modtran_38km_sun_180az_55zd_los_45zd.csv
# %ECSV 0.9
# ---
# datatype:
# - {name: Wavelength, unit: micron, datatype: float64}
# - {name: Transmission, datatype: float64}
# - {name: Radiance, unit: W / (m2 micron sr), datatype: float64}
# - {name: dtr/dh, unit: 1 / m, datatype: float64}
# - {name: dradiance/dh, unit: W / (m3 micron sr), datatype: float64}
# delimiter: ','
# meta: !!omap
# - __serialized_columns__:
#     Radiance:
#       __class__: astropy.units.quantity.Quantity
#       unit: !astropy.units.Unit {unit: W / (m2 micron sr)}
#       value: !astropy.table.SerializedColumn {name: Radiance}
#     Transmission:
#       __class__: astropy.units.quantity.Quantity
#       unit: !astropy.units.Unit {unit: ''}
#       value: !astropy.table.SerializedColumn {name: Transmission}
#     Wavelength:
#       __class__: astropy.units.quantity.Quantity
#       unit: !astropy.units.Unit {unit: micron}
#       value: !astropy.table.SerializedColumn {name: Wavelength}
#     dradiance/dh:
#       __class__: astropy.units.quantity.Quantity
#       unit: !astropy.units.Unit {unit: W / (m3 micron sr)}
#       value: !astropy.table.SerializedColumn {name: dradiance/dh}
#     dtr/dh:
#       __class__: astropy.units.quantity.Quantity
#       unit: !astropy.units.Unit {unit: 1 / m}
#       value: !astropy.table.SerializedColumn {name: dtr/dh}
# schema: astropy-2.0
Wavelength,Transmission,Radiance,dtr/dh,dradiance/dh
[from data line 2519]
1.3504388926401079,0.99961245,0.0005151645681944999,5.1559999999950534e-08,-7.525531259050002e-08
1.3513513513513513,0.99952674,0.0004968867639999999,6.264999999994192e-08,-7.256247600000002e-08
1.352265043948614,0.99943519,0.00048102757252425,7.438999999997974e-08,-7.022943388574992e-08
1.3531799729364007,0.99933273,0.00046859912404999997,8.797999999998752e-08,-6.839291731399984e-08
1.3540961408259986,0.99923003,0.00045958435057675,1.0078999999996174e-07,-6.707001834049993e-08
1.3550135501355014,0.99910957,0.00045290253070799993,1.1587999999995713e-07,-6.608710295999995e-08
1.3559322033898304,0.99896932,0.00044690764109374994,1.3446999999999766e-07,-6.520293734374997e-08
1.3568521031207599,0.99882758,0.000442803861687,1.5378000000010328e-07,-6.459691649399988e-08
1.3577732518669383,0.99870372,0.0004398442082864999,1.708899999999236e-07,-6.415942896225e-08
1.358695652173913,0.99854517,0.00043726730342399993,1.9294000000003031e-07,-6.377657855999996e-08
1.3596193065941538,0.99838555,0.00043516681774849995,2.1552999999996381e-07,-6.34622107684999e-08
1.3605442176870748,0.99826729,0.00043333824239999994,2.3311000000003634e-07,-6.319119870000001e-08
1.3614703880190606,0.99815065,0.00043162672737599993,2.5130000000006536e-07,-6.293639307474998e-08
1.3623978201634879,0.99805808,0.0004299553033119999,2.6434999999991324e-07,-6.268857064800002e-08
1.36332651670075,0.99806935,0.00042833726795924994,2.621999999999902e-07,-6.245631289124993e-08
1.364256480218281,0.99805284,0.00042663809147299993,2.64170000000008e-07,-6.221161873199999e-08
1.3651877133105803,0.9980644,0.00042494986721875,2.6231999999992703e-07,-6.196956409375e-08
1.366120218579235,0.9981333,0.0004232586299039999,2.5260000000004725e-07,-6.1730675568e-08
1.367053998632946,0.99818665,0.0004215376481662499,2.43959999999932e-07,-6.148691535525001e-08
1.3679890560875512,0.99826217,0.000419861865447,2.3162999999992717e-07,-6.125059526399998e-08
1.3689253935660506,0.99838167,0.0004182220358324999,2.1546999999999538e-07,-6.102435449925012e-08
1.36986301369863,0.9984833,0.0004166361411999999,2.0366999999998914e-07,-6.080442290000004e-08
1.3708019191226866,0.99858761,0.00041512259653399996,1.9108999999994936e-07,-6.059450117574996e-08
1.3717421124828533,0.99874538,0.00041388146783099996,1.7153999999997005e-07,-6.042643602299997e-08
1.3726835964310227,0.99887228,0.0004126600863977499,1.562199999999292e-07,-6.025919171399999e-08
1.3736263736263736,0.99900204,0.000411518796416,1.4073000000003332e-07,-6.010336550399999e-08
1.374570446735395,0.99906462,0.00041029161789374997,1.341699999999335e-07,-5.993033146875e-08
1.3755158184319118,0.99907416,0.0004090671757169999,1.342900000000924e-07,-5.975496021100003e-08
1.3764624913971095,0.9989925,0.0004076311781155,1.4495999999997178e-07,-5.954242742699993e-08
1.3774104683195592,0.99887604,0.000406171617588,1.5975000000001404e-07,-5.9323457951999955e-08
1.3783597518952446,0.99872446,0.00040440752948099997,1.7935000000002255e-07,-5.905912980124997e-08
1.3793103448275863,0.99855012,0.00040247001125,2.0158999999997374e-07,-5.876855437499996e-08
1.3802622498274673,0.99836898,0.0004005009903509999,2.2500999999996996e-07,-5.8473362949750025e-08
1.3812154696132597,0.99826026,0.00039861540513599995,2.3775999999997576e-07,-5.8195067871999995e-08
1.3821700069108502,0.99820614,0.0003967768054999999,2.4402000000001147e-07,-5.7926272889500035e-08
1.3831258644536653,0.99821842,0.00039518469218699997,2.4224000000006017e-07,-5.769725883300001e-08
1.384083044982699,0.9983328,0.0003937905528687499,2.263799999999705e-07,-5.7504208500000085e-08
1.3850415512465375,0.9984771,0.0003926498750239999,2.0730000000002134e-07,-5.7350101828000094e-08
1.386001386001386,0.99863517,0.00039170903794424997,1.8602000000000897e-07,-5.7225928704749924e-08
1.3869625520110958,0.99877673,0.0003907967098419999,1.678999999999986e-07,-5.7104014009000053e-08
1.3879250520471895,0.99889344,0.000389840619421,1.5240999999999171e-07,-5.697500479824998e-08
1.3888888888888888,0.9989925,0.00038885806079999997,1.3976999999998352e-07,-5.6841004799999935e-08
1.389854065323141,0.99905032,0.00038764725408399996,1.3262000000002772e-07,-5.6671492327999986e-08
1.3908205841446455,0.99902493,0.00038615487513099994,1.3625999999999916e-07,-5.645524296599998e-08
1.3917884481558804,0.99897444,0.00038464487308349993,1.4305000000003343e-07,-5.6235817019250014e-08
1.392757660167131,0.99892867,0.00038310083459599994,1.4895999999997579e-07,-5.601116707599997e-08
1.3937282229965158,0.99891859,0.00038154350412499997,1.5050000000005337e-07,-5.578646447499996e-08
1.394700139470014,0.99886894,0.0003798989187749999,1.5735000000005605e-07,-5.5546802361000027e-08
1.3956734124214933,0.99882472,0.0003783794767457499,1.6338000000004627e-07,-5.5325614010250036e-08
1.3966480446927374,0.99883044,0.00037735582848,1.625399999999333e-07,-5.5178703247999946e-08
1.397624039133473,0.99890125,0.00037663188222374994,1.5270999999994483e-07,-5.508016343775004e-08
1.3986013986013985,0.99894488,0.00037552390232499993,1.465099999999886e-07,-5.492345787500003e-08
1.3995801259622114,0.99896544,0.0003743704395915,1.4298999999995398e-07,-5.4759371455999946e-08
1.4005602240896358,0.99898034,0.00037335674754,1.4025000000006393e-07,-5.4614955275999934e-08
1.4015416958654519,0.99905378,0.00037261002583124995,1.2993999999999506e-07,-5.451354549449995e-08
1.402524544179523,0.99913734,0.000372025959307,1.1801999999994095e-07,-5.4436660888999986e-08
1.4035087719298245,0.99916691,0.0003706286596874999,1.1367000000006566e-07,-5.423697843750006e-08
1.404494382022472,0.99915689,0.0003691267111039999,1.1413999999998481e-07,-5.402045958399998e-08
1.4054813773717498,0.9991889,0.00036830168000374995,1.097899999999985e-07,-5.390563490900003e-08
1.4064697609001406,0.99925965,0.00036838579072499995,1.0037000000007179e-07,-5.392544163300005e-08
1.4074595355383532,0.99931812,0.0003688204263729999,9.315999999992552e-08,-5.399652358100001e-08
1.4084507042253522,0.99936086,0.00036904001569999995,8.720000000006501e-08,-5.403498310000001e-08
1.409443269908386,0.99938679,0.00036933893659574994,8.434000000001607e-08,-5.408475185025006e-08
1.4104372355430184,0.99945498,0.00037153001905699997,7.511000000004487e-08,-5.441371020699994e-08
1.4114326040931546,0.9995265,0.00037418567628975,6.521000000003773e-08,-5.4811353921999986e-08
1.4124293785310735,0.99957687,0.00037677107548799994,5.829999999995561e-08,-5.519768788799997e-08
1.4134275618374559,0.99960238,0.00037791946819374994,5.460000000001575e-08,-5.537153237500001e-08
1.4144271570014144,0.99962592,0.000378195250531,5.1259999999997416e-08,-5.541725893199996e-08
1.4154281670205238,0.99965882,0.00038003642716275,4.636999999996227e-08,-5.569279482824997e-08
1.4164305949008498,0.99969643,0.000383123828272,4.154000000000657e-08,-5.615230445199992e-08
1.4174344436569808,0.99970603,0.00038362310153624993,4.0050000000069197e-08,-5.6230577263500015e-08
1.4184397163120568,0.99971449,0.0003849413892749999,3.885999999997391e-08,-5.6430230400000024e-08
1.4194464158978,0.99972689,0.00038621706206024996,3.7249999999988684e-08,-5.662319204149995e-08
1.4204545454545454,0.99975079,0.00039073275084799996,3.408999999998663e-08,-5.729320959999994e-08
1.4214641080312722,0.99977469,0.00039563087300099995,3.080999999993672e-08,-5.801955289200001e-08
1.4224751066856332,0.99978304,0.0003985731337829999,2.979999999996874e-08,-5.845800577400004e-08
1.4234875444839856,0.99978763,0.0004003298024687499,2.9210000000001735e-08,-5.872280219375005e-08
1.4245014245014245,0.99977255,0.0004057624935,3.111000000000086e-08,-5.9523331139999934e-08
1.4255167498218104,0.99967772,0.00040828099745074994,4.4350000000026314e-08,-5.988982802950004e-08
1.4265335235378032,0.99952531,0.0004101802771159999,6.6400000000022e-08,-6.016173302900006e-08
1.4275517487508924,0.99934655,0.0004085948120692499,9.178999999992499e-08,-5.992038892800003e-08
1.4285714285714286,0.9991526,0.00040710572,1.1902999999990893e-07,-5.969179999999995e-08
1.4295925661186561,0.99893475,0.00040726906308749994,1.5014999999996004e-07,-5.970392720474997e-08
1.430615164520744,0.99868488,0.00040606554187799993,1.8607999999997738e-07,-5.951306760299999e-08
1.4316392269148175,0.99845558,0.00039956510812625,2.19579999999997e-07,-5.854875790224992e-08
1.4326647564469912,0.99836177,0.00039636481419999997,2.3348000000000812e-07,-5.8078614432e-08
1.4336917562724014,0.99836373,0.00039437850746249994,2.3353000000003732e-07,-5.779159093125002e-08
1.4347202295552366,0.99838912,0.00039299178988699997,2.2977000000001802e-07,-5.7595571804e-08
1.4357501794687726,0.99843627,0.00039156465904674996,2.2346000000006415e-07,-5.739557074649994e-08
1.4367816091954022,0.99852771,0.00038892694924799997,2.099299999999138e-07,-5.7020122944e-08
1.4378145219266716,0.99868065,0.00038878773233624994,1.8745999999991714e-07,-5.701610586750005e-08
1.4388489208633093,0.9988572,0.00039234092044999994,1.6176999999995e-07,-5.755242874999996e-08
1.4398848092152627,0.99899566,0.00039324819379724996,1.4155999999998502e-07,-5.7697791495750015e-08
1.440922190201729,0.99911654,0.0003937615117999999,1.239200000000551e-07,-5.778476073600003e-08
1.4419610670511898,0.99924672,0.00039678457038374996,1.0496999999998202e-07,-5.82411445905e-08
1.443001443001443,0.99937987,0.00040157412857099996,8.612999999990655e-08,-5.895680798699999e-08
1.444043321299639,0.99949652,0.00040550940810624994,6.985999999997716e-08,-5.9545060893750044e-08
1.4450867052023122,0.99958479,0.00040668530814399995,5.7340000000016824e-08,-5.972727012799997e-08
1.4461315979754157,0.99965543,0.00040769205121124995,4.8170000000014036e-08,-5.988390172874999e-08
1.447178002894356,0.99971533,0.00041239031259899996,4.000000000004e-08,-6.058326676099996e-08
1.448225923244026,0.9997586,0.00041818033172849996,3.3740000000004324e-08,-6.144205235649999e-08
1.4492753623188406,0.99978828,0.0004204058219999999,3.01600000000013e-08,-6.177397500000005e-08
1.45032632342277,0.99980825,0.00042168080977574994,2.7420000000000222e-08,-6.196829985675003e-08
1.4513788098693758,0.99983186,0.00042769418829799997,2.4140000000061334e-08,-6.285875705199992e-08
1.4524328249818446,0.99985719,0.00043867750269824994,2.103999999991668e-08,-6.44792887417499e-08
1.4534883720930232,0.99987632,0.00044991962547199994,1.793999999999407e-08,-6.614367052799994e-08
1.4545454545454546,0.99988729,0.00045703590624999996,1.668999999993037e-08,-6.71965937499999e-08
1.4556040756914121,0.99989694,0.0004631554508939999,1.5549999999975307e-08,-6.8107014576e-08
1.4566642388929352,0.99990821,0.0004705899363747499,1.37099999999446e-08,-6.920732713024998e-08
1.4577259475218658,0.99991786,0.00047706198903999994,1.2330000000004838e-08,-7.01705695599999e-08
1.4587892049598832,0.99992043,0.0004793413487174999,1.2159999999927785e-08,-7.051473211500001e-08
1.4598540145985404,0.9999184,0.00047445685874999993,1.251999999996034e-08,-6.980191099999997e-08
1.4609203798392987,0.99991488,0.000466864750066,1.268999999992637e-08,-6.869081189149993e-08
1.4619883040935673,0.9999131,0.000461453858496,1.3000000000040757e-08,-6.789713414399986e-08
1.463057790782736,0.99990857,0.00045347943135249996,1.382999999999246e-08,-6.672621246749989e-08
1.4641288433382138,0.99990201,0.00044477253758299994,1.4660000000055185e-08,-6.544980616699994e-08
1.465201465201465,0.99989265,0.00043195331497499997,1.5970000000087304e-08,-6.356671571249994e-08
1.466275659824047,0.99988329,0.0004192274241759999,1.7639999999929932e-08,-6.169218686400004e-08
1.467351430667645,0.99987507,0.00041104253786399995,1.883999999996444e-08,-6.049174529350001e-08
1.4684287812041115,0.99986881,0.00040739873438699995,1.9610000000058748e-08,-5.995641336300003e-08
1.4695077149155034,0.99986118,0.00040244452206499997,2.049999999997887e-08,-5.9235373258999975e-08
1.4705882352941175,0.99985725,0.00040035424319999997,2.1339999999980817e-08,-5.893611679999995e-08
1.4716703458425313,0.99985677,0.00040107144828149994,2.115999999996454e-08,-5.9049864492749994e-08
1.4727540500736376,0.99986207,0.00040711764463999993,2.044000000001045e-08,-5.994916123000001e-08
1.4738393515106853,0.99986964,0.00041401159758324996,1.943000000004247e-08,-6.097636109924996e-08
1.4749262536873156,0.99987674,0.000419766880176,1.824000000005821e-08,-6.183485294399997e-08
1.4760147601476017,0.99988174,0.000420837126275,1.7399999999945238e-08,-6.200531828749994e-08
1.4771048744460855,0.9998886,0.000424654193383,1.6209999999960978e-08,-6.257245006699999e-08
1.4781966001478197,0.99989587,0.0004287885802447499,1.5260000000072437e-08,-6.318301198275e-08
1.4792899408284024,0.99990231,0.0004321823101439999,1.4430000000009714e-08,-6.368691721599995e-08
1.4803849000740192,0.99990577,0.0004333437844224999,1.3590000000007762e-08,-6.385921998749998e-08
1.4814814814814814,0.99991119,0.00043530321374999996,1.2939999999961316e-08,-6.414835499999998e-08
1.4825796886582654,0.99991834,0.00043892144279199995,1.1740000000037832e-08,-6.468573644549989e-08
1.4836795252225519,0.99992585,0.00044454313669999994,1.048999999997413e-08,-6.551795609999997e-08
1.4847809948032666,0.99993289,0.000449479912752,9.599999999942987e-09,-6.62477014079999e-08
1.4858841010401187,0.99993789,0.00045418361332999995,9.119999999973593e-09,-6.695196477999997e-08
1.4869888475836432,0.99994248,0.0004602114374375,8.459999999987921e-09,-6.784296006249986e-08
1.4880952380952381,0.99994737,0.00046914610176,7.989999999957753e-09,-6.916912127999993e-08
1.4892032762472078,0.99995047,0.00047932423087249993,7.089999999987384e-09,-7.06895134325e-08
1.4903129657228018,0.99995267,0.0004887816295999998,7.089999999987384e-09,-7.209258892000005e-08
1.4914243102162565,0.99995428,0.0004967751262499999,6.789999999923247e-09,-7.328444645249993e-08
1.492537313432836,0.99995649,0.0005048284509999999,6.500000000020379e-09,-7.448597700000011e-08
1.4936519790888725,0.99995857,0.0005133446584174999,6.669999999986409e-09,-7.575987685499997e-08
1.4947683109118088,0.99995965,0.0005202091015199999,5.9599999999715434e-09,-7.678804076999994e-08
1.4958863126402395,0.99996078,0.0005254961278524999,5.8400000000347065e-09,-7.75804945999999e-08
1.4970059880239521,0.99996179,0.0005293733801599999,5.659999999907406e-09,-7.816505807999996e-08
1.4981273408239701,0.99996322,0.0005299936149374999,5.719999999986847e-09,-7.827532199999995e-08
1.4992503748125936,0.99996442,0.0005316957416799999,5.5499999999097935e-09,-7.853625516999997e-08
1.5003750937734435,0.99996573,0.0005330755844449999,5.130000000019841e-09,-7.875172047999995e-08
1.5015015015015014,0.99996674,0.0005327329338,5.130000000019841e-09,-7.870457663999994e-08
1.5026296018031557,0.99996763,0.0005299181841249999,4.760000000048059e-09,-7.829856729749996e-08
1.5037593984962405,0.99996841,0.0005273135122499999,5.130000000019841e-09,-7.792004500000002e-08
1.5048908954100828,0.99996918,0.0005283135923174999,4.5899999999710066e-09,-7.80722678024999e-08
1.5060240963855422,0.99996978,0.0005325626873599999,4.710000000018866e-09,-7.87043449600001e-08
1.5071590052750565,0.99997026,0.0005347104931724999,4.5899999999710066e-09,-7.902609119750002e-08
1.5082956259426847,0.99997073,0.0005354521859699999,4.879999999984896e-09,-7.913560706999999e-08
1.509433962264151,0.99997109,0.0005388364249999998,4.469999999923146e-09,-7.964392812500004e-08
1.5105740181268883,0.99997181,0.0005426863100799999,4.290000000017891e-09,-8.022056419999997e-08
1.5117157974300832,0.99997211,0.0005445754859474998,4.479999999973394e-09,-8.050638235500003e-08
1.51285930408472,0.9999724,0.0005425641285899999,4.22999999993845e-09,-8.021432638999999e-08
1.514004542013626,0.99997258,0.0005402472431899999,4.290000000017891e-09,-7.987488917250002e-08
1.5151515151515151,0.999973,0.0005402921039999999,4.230000000049472e-09,-7.988904000000003e-08
1.5163002274450341,0.99997318,0.0005402262363174998,4.349999999986309e-09,-7.988547571750003e-08
1.5174506828528074,0.99997324,0.0005392988314199999,4.349999999986309e-09,-7.975570564999995e-08
1.5186028853454823,0.99997312,0.0005393133372149999,4.050000000033194e-09,-7.976047666500001e-08
