examples/modtran_38km_sun_180az_55zd_los_45zd.csv
# %ECSV 0.9
# ---
# datatype:
# - {name: Wavelength, unit: micron, datatype: float64}
# - {name: Transmission, datatype: float64}
# - {name: Radiance, unit: W / (m2 micron sr), datatype: float64}
# - {name: dtr/dh, unit: 1 / m, datatype: float64}
# - {name: dradiance/dh, unit: W / (m3 micron sr), datatype: float64}
# delimiter: ','
# meta: !!omap
# - __serialized_columns__:
#     Radiance:
#       __class__: astropy.units.quantity.Quantity
#       unit: !astropy.units.Unit {unit: W / (m2 micron sr)}
#       value: !astropy.table.SerializedColumn {name: Radiance}
#     Transmission:
#       __class__: astropy.units.quantity.Quantity
#       unit: !astropy.units.Unit {unit: ''}
#       value: !astropy.table.SerializedColumn {name: Transmission}
#     Wavelength:
#       __class__: astropy.units.quantity.Quantity
#       unit: !astropy.units.Unit {unit: micron}
#       value: !astropy.table.SerializedColumn {name: Wavelength}
#     dradiance/dh:
#       __class__: astropy.units.quantity.Quantity
#       unit: !astropy.units.Unit {unit: W / (m3 micron sr)}
#       value: !astropy.table.SerializedColumn {name: dradiance/dh}
#     dtr/dh:
#       __class__: astropy.units.quantity.Quantity
#       unit: !astropy.units.Unit {unit: 1 / m}
#       value: !astropy.table.SerializedColumn {name: dtr/dh}
# schema: astropy-2.0
Wavelength,Transmission,Radiance,dtr/dh,dradiance/dh
[from data line 3348]
3.067484662576687,0.99985987,5.449727003999999e-06,2.0799999999931984e-08,-7.10401922e-10
3.0721966205837172,0.99983883,5.691424934474999e-06,2.3719999999949337e-08,-7.200378990000011e-10
3.076923076923077,0.99983007,5.794323437499999e-06,2.5100000000000122e-08,-7.252001249999998e-10
3.0816640986132513,0.9998126,5.847775673574999e-06,2.7949999999998808e-08,-7.108293376249994e-10
3.0864197530864197,0.99982893,5.534901590399999e-06,2.550999999995085e-08,-6.783129216000006e-10
3.091190108191654,0.99983954,5.3139063678e-06,2.36000000000125e-08,-6.533858576499989e-10
3.0959752321981426,0.99984056,5.295583546499999e-06,2.3729999999999584e-08,-6.461929601999994e-10
3.10077519379845,0.99982131,5.576971134374998e-06,2.647000000000066e-08,-6.609285168750007e-10
3.1055900621118013,0.99978662,5.995423615999999e-06,3.1889999999923366e-08,-6.781555704000004e-10
3.1104199066874028,0.99977648,6.260982241699999e-06,3.378999999992249e-08,-7.074319114500003e-10
3.1152647975077885,0.99976224,6.608853962099999e-06,3.790999999997435e-08,-7.535697453000001e-10
3.1201248049921997,0.99976104,6.881609612424999e-06,4.11200000000056e-08,-8.154241605750001e-10
3.125,0.99974251,7.252172799999999e-06,4.7210000000075244e-08,-8.701439999999991e-10
3.1298904538341157,0.99974865,7.273289268675e-06,4.775000000001306e-08,-8.897620830749989e-10
3.1347962382445145,0.99976218,7.1413529297e-06,4.493999999999332e-08,-8.770882350999992e-10
3.1397174254317113,0.99976677,7.06092838815e-06,4.2920000000057357e-08,-8.51729419449998e-10
3.144654088050314,0.99976915,7.0355303891999996e-06,4.225999999996066e-08,-8.350819919999989e-10
3.149606299212598,0.99976981,7.0853588131249996e-06,4.2800000000009495e-08,-8.367019556249989e-10
3.154574132492114,0.99978918,7.061512763499999e-06,4.006000000000842e-08,-8.614720991999996e-10
3.15955766192733,0.99980682,7.108994186325e-06,3.748999999997338e-08,-8.988956853749988e-10
3.1645569620253164,0.9997955,7.570073374399999e-06,3.999999999992898e-08,-9.628315232000001e-10
3.1695721077654517,0.99976707,8.088143013749998e-06,4.541999999996271e-08,-1.0092983189000003e-09
3.1746031746031744,0.99969167,9.261472972499998e-06,6.050000000001887e-08,-1.0999984274999992e-09
3.179650238473768,0.99960649,1.0523556048749997e-05,7.70700000000124e-08,-1.1832633207500028e-09
3.184713375796178,0.99946523,1.2668008463999998e-05,1.0347999999993362e-07,-1.3287782920000004e-09
3.189792663476874,0.99932712,1.4832953734499997e-05,1.2332000000003785e-07,-1.3889247569999995e-09
3.194888178913738,0.99914408,1.7779610057999997e-05,1.4842000000003796e-07,-1.4541538669999992e-09
3.2,0.99892354,2.1591015624999996e-05,1.714200000000332e-07,-1.4410156250000005e-09
3.2051282051282053,0.99876076,2.4478122239999995e-05,1.8751999999999659e-07,-1.4151870720000035e-09
3.2102728731942216,0.9985649,2.8288297003749998e-05,1.9955999999998753e-07,-1.3115849232499975e-09
3.2154340836012865,0.99853003,2.9282572913e-05,1.9323999999998343e-07,-1.1738060559999962e-09
3.2206119162640903,0.99827415,3.450368591099999e-05,2.195299999999678e-07,-1.0788306974999964e-09
3.225806451612903,0.99819899,3.6317535399999995e-05,2.3497000000005653e-07,-1.0089538999999993e-09
3.2310177705977385,0.99782073,4.3781795874749994e-05,2.8848000000003536e-07,-9.380739182500034e-10
3.236245954692557,0.99787796,4.320056941199999e-05,2.793099999999216e-07,-8.092014750000053e-10
3.2414910858995136,0.99779713,4.5185024304749994e-05,2.80970000000047e-07,-7.018953437500059e-10
3.2467532467532467,0.99816102,3.8952296767999995e-05,2.3001999999994194e-07,-6.928866559999971e-10
3.252032520325203,0.99824429,3.80019677625e-05,2.190499999999984e-07,-7.172091562499978e-10
3.257328990228013,0.99823928,3.9118801442e-05,2.3078999999992521e-07,-9.111993319999944e-10
3.2626427406199023,0.99758917,5.345210688524999e-05,3.583400000000125e-07,-1.9121944987500097e-09
3.2679738562091503,0.99690789,6.891974780399998e-05,5.198100000000095e-07,-3.5962778520000045e-09
3.273322422258593,0.99642265,8.032635960699998e-05,6.567299999999943e-07,-5.3586496339999945e-09
3.278688524590164,0.99674469,7.452269959999998e-05,6.394399999999356e-07,-5.891366274999996e-09
3.284072249589491,0.99735099,6.233471143199998e-05,5.442500000000238e-07,-5.494509294749994e-09
3.289473684210526,0.99782449,5.308532147199999e-05,4.655099999999468e-07,-5.0800151039999994e-09
3.2948929159802303,0.99793339,5.1443125716749994e-05,4.4728000000004983e-07,-5.039461197500001e-09
3.3003300330033003,0.99700719,7.5092325471e-05,6.194700000000664e-07,-6.418918043999997e-09
3.3057851239669422,0.99483544,0.00013042202799999996,1.0261599999999983e-06,-9.878099687500012e-09
3.3112582781456954,0.99254161,0.00018870928435999997,1.4530999999999849e-06,-1.3529201360000015e-08
3.316749585406302,0.99200404,0.0002032965189675,1.557229999999965e-06,-1.4762525399999987e-08
3.3222591362126246,0.99438381,0.00014447960268,1.0969599999999246e-06,-1.0882992119999986e-08
3.327787021630616,0.9971267,7.631400547849998e-05,5.682100000000689e-07,-6.256633421750004e-09
3.333333333333333,0.99883986,3.394673999999999e-05,2.326999999999746e-07,-3.182670000000004e-09
3.33889816360601,0.99904048,2.9137242507249998e-05,1.9228000000004463e-07,-2.743123345249996e-09
3.3444816053511706,0.99881935,3.5695316072e-05,2.3693000000002408e-07,-3.238461824e-09
3.3500837520938025,0.99881858,3.603829603499999e-05,2.369899999999925e-07,-3.1898605499999993e-09
3.355704697986577,0.99866575,4.0910315523999994e-05,2.663700000000713e-07,-3.525518800000001e-09
3.361344537815126,0.99884748,3.6418020712499996e-05,2.2648999999996812e-07,-3.126394774999993e-09
3.367003367003367,0.99873638,4.0765965767999996e-05,2.391299999999763e-07,-3.357587376e-09
3.372681281618887,0.9987818,4.035128318874999e-05,2.2119000000009326e-07,-3.168709139000004e-09
3.3783783783783785,0.99857289,4.751240447999999e-05,2.600600000000064e-07,-3.6849537279999977e-09
3.3840947546531304,0.99864602,4.581789569775e-05,2.576100000000192e-07,-3.8153710034999994e-09
3.3898305084745766,0.99866605,4.5924920024999994e-05,2.663800000000105e-07,-4.140127349999995e-09
3.395585738539898,0.99884242,4.090710298474999e-05,2.3532000000003882e-07,-3.846226396749997e-09
3.401360544217687,0.998918,3.9041153171999994e-05,2.1415999999996327e-07,-3.575165832e-09
3.4071550255536627,0.99901128,3.65082915415e-05,1.916299999999982e-07,-3.2907200922499993e-09
3.4129692832764507,0.99908286,3.473527804099999e-05,1.8114000000002405e-07,-3.248526160000003e-09
3.4188034188034186,0.99914378,3.323338419374999e-05,1.751200000000841e-07,-3.2766332625000017e-09
3.4246575342465753,0.99926794,2.9323483295999995e-05,1.5503999999999517e-07,-3.0405142399999964e-09
3.4305317324185247,0.99937207,2.592409878025e-05,1.3482999999991918e-07,-2.7534407889999986e-09
3.436426116838488,0.99952465,2.0617198388999997e-05,1.0275999999997954e-07,-2.243199689999998e-09
3.442340791738382,0.99959016,1.8458426211749994e-05,8.76800000000344e-08,-2.0067157547500054e-09
3.4482758620689653,0.99967492,1.5442189699999994e-05,6.943999999997618e-08,-1.7085756000000039e-09
3.454231433506045,0.99969542,1.4825697983999999e-05,6.46699999999889e-08,-1.6394123002499977e-09
3.460207612456747,0.99976736,1.2120985124999998e-05,4.9830000000028465e-08,-1.3849452220000008e-09
3.466204506065858,0.9997865,1.1486383428999998e-05,4.572000000002685e-08,-1.31948085925e-09
3.4722222222222223,0.99983346,9.651778559999998e-06,3.593999999995656e-08,-1.1455395840000007e-09
3.4782608695652177,0.9998396,9.478522812499998e-06,3.4450000000019185e-08,-1.1204054687500006e-09
3.484320557491289,0.99987036,8.263093341999998e-06,2.7949999999998808e-08,-1.0044899550000004e-09
3.4904013961605584,0.99988037,7.890279404624998e-06,2.5689999999967128e-08,-9.655745478750001e-10
3.4965034965034967,0.99990582,6.835683540399999e-06,2.0139999999946313e-08,-8.646900547999998e-10
3.502626970227671,0.99992102,6.214863125599999e-06,1.6800000000039005e-08,-8.002513324500004e-10
3.508771929824561,0.99994069,5.368712579999999e-06,1.2569999999989534e-08,-7.149343274999996e-10
3.5149384885764503,0.99995023,4.9544174546999986e-06,1.0370000000037294e-08,-6.684369606000005e-10
3.5211267605633805,0.9999482,5.0716976736e-06,1.1199999999988996e-08,-6.831159919999998e-10
3.5273368606701943,0.99992281,6.275031269849999e-06,1.693000000002609e-08,-8.181091327499997e-10
3.5335689045936394,0.99988776,7.961006777999998e-06,2.5090000000060895e-08,-1.0064784630000008e-09
3.5398230088495577,0.99986953,8.842612306249999e-06,2.9150000000033315e-08,-1.1006079937499992e-09
3.546099290780142,0.99988294,8.213159196e-06,2.6049999999999684e-08,-1.0252234079999985e-09
3.5523978685612785,0.99989998,7.502656229999999e-06,2.1990000000027264e-08,-9.368811217499992e-10
3.5587188612099645,0.99984229,1.0907751500999998e-05,3.428000000005316e-08,-1.2917229989999991e-09
3.5650623885918002,0.99969512,1.9209232275749997e-05,6.789000000007039e-08,-2.1974607022499997e-09
3.5714285714285716,0.99954569,2.7603463999999996e-05,1.0251999999999483e-07,-3.1440751999999974e-09
3.5778175313059033,0.99950689,2.9902556813999994e-05,1.1252999999999958e-07,-3.4418219745e-09
3.5842293906810037,0.99957663,2.6247051107999995e-05,9.703999999999268e-08,-3.055648455e-09
3.590664272890485,0.9996419,2.2996741751499996e-05,8.189999999996812e-08,-2.6885402717500016e-09
3.5971223021582737,0.99966633,2.2038769143999997e-05,7.604999999999417e-08,-2.568379172000001e-09
3.6036036036036037,0.99964696,2.3579698781249995e-05,8.004999999999818e-08,-2.734799962500001e-09
3.6101083032490973,0.99964982,2.3772025321999996e-05,7.897000000001153e-08,-2.7405296930000004e-09
3.616636528028933,0.99967623,2.2468934013749998e-05,7.242000000007299e-08,-2.574376614249999e-09
3.6231884057971016,0.99973273,1.9221718607999997e-05,5.88299999999542e-08,-2.194859087999997e-09
3.629764065335753,0.9997918,1.5686304667499998e-05,4.5300000000025876e-08,-1.791549500999997e-09
3.6363636363636362,0.99983358,1.3180832499999998e-05,3.5699999999971865e-08,-1.5076600000000014e-09
3.6429872495446265,0.99985552,1.1910011215499998e-05,3.076000000001855e-08,-1.3645176772500008e-09
3.6496350364963503,0.99986839,1.1141653779999998e-05,2.7770000000093554e-08,-1.2820728520000003e-09
3.656307129798903,0.99988657,9.977423314e-06,2.390000000007664e-08,-1.1580884344999995e-09
3.663003663003663,0.99991089,8.308716506999998e-06,1.8659999999948162e-08,-9.755846100000003e-10
3.669724770642202,0.99992996,6.90988564125e-06,1.4359999999991046e-08,-8.19744446249998e-10
3.676470588235294,0.99993986,6.203440025599999e-06,1.2160000000038806e-08,-7.407869951999998e-10
3.6832412523020257,0.99994433,5.983938341324999e-06,1.1270000000007662e-08,-7.235815596750004e-10
3.6900369003690034,0.99994671,5.907564663599999e-06,1.073000000006985e-08,-7.262653930999993e-10
3.696857670979667,0.999951,5.68276746625e-06,1.0070000000084179e-08,-7.082148497499996e-10
3.7037037037037037,0.99995458,5.475693959999999e-06,9.360000000069314e-09,-6.878260799999993e-10
3.7105751391465676,0.99995553,5.393870990199999e-06,9.170000000002786e-09,-6.793833584999999e-10
3.717472118959108,0.99995929,5.1265814753e-06,8.339999999940061e-09,-6.497221828999997e-10
3.7243947858473,0.99996227,4.917455627849999e-06,7.750000000084078e-09,-6.249965521500004e-10
3.7313432835820897,0.99996394,4.775276099199999e-06,7.329999999972081e-09,-6.064818559999995e-10
3.7383177570093458,0.99996626,4.565474796249999e-06,6.729999999954827e-09,-5.816235112500008e-10
3.7453183520599254,0.99997056,4.228963284599999e-06,5.9699999999107686e-09,-5.431580199e-10
3.75234521575985,0.99997282,4.037650423624999e-06,5.3599999999542905e-09,-5.201101412000003e-10
3.7593984962406015,0.99997455,3.918969647599999e-06,4.890000000035144e-09,-5.039242320000002e-10
3.766478342749529,0.99997467,3.949364285774999e-06,4.889999999924121e-09,-5.029197376499994e-10
3.773584905660377,0.99997365,4.0777761424999995e-06,4.880000000095919e-09,-5.072702874999998e-10
3.780718336483932,0.99997038,4.46666812945e-06,5.430000000083979e-09,-5.304106313999996e-10
3.787878787878788,0.99996328,5.246450035199999e-06,6.370000000033293e-09,-5.866591104000002e-10
3.795066413662239,0.99995482,6.166410043774999e-06,7.630000000036218e-09,-6.549196981250012e-10
3.8022813688212924,0.99994969,6.7408856456999995e-06,8.220000000003225e-09,-6.938134882999994e-10
3.8095238095238098,0.99995202,6.5476854843749996e-06,8.230000000053472e-09,-6.754810781249999e-10
3.816793893129771,0.99995923,5.781094713999999e-06,6.909999999971106e-09,-6.180431184000001e-10
3.8240917782026767,0.99996483,5.228048673924999e-06,6.139999999987822e-09,-5.78889937375e-10
3.8314176245210727,0.99996084,5.7502094156999994e-06,6.499999999909356e-09,-6.270333686999999e-10
3.838771593090211,0.99995089,6.924799211249999e-06,8.29000000002189e-09,-7.34451485749999e-10
3.8461538461538463,0.99994588,7.563155599999999e-06,9.839999999927684e-09,-8.09171999999999e-10
3.8535645472061657,0.99995041,7.026753066749999e-06,9.41999999992671e-09,-7.992614272499993e-10
3.861003861003861,0.9999544,6.5118008697e-06,1.0310000000068875e-08,-8.402096493000002e-10
3.8684719535783363,0.99995255,6.652763069974999e-06,1.2570000000100556e-08,-9.887621510249987e-10
3.875968992248062,0.99994779,7.1267412239999995e-06,1.508000000005616e-08,-1.1624736959999981e-09
3.883495145631068,0.99994832,7.080181374999999e-06,1.5490000000006887e-08,-1.2018670874999986e-09
3.891050583657588,0.99995482,6.3688144543999995e-06,1.3350000000023066e-08,-1.0750399435999996e-09
3.898635477582846,0.99996179,5.687364996674999e-06,1.1019999999972718e-08,-9.312695610750004e-10
3.90625,0.99996173,5.771853823999999e-06,1.0779999999988022e-08,-9.395568640000005e-10
3.913894324853229,0.99995774,6.298950074724999e-06,1.2340000000055085e-08,-1.0493865467750002e-09
3.9215686274509802,0.99995691,6.471274994999999e-06,1.2879999999992896e-08,-1.0914576299999994e-09
3.9292730844793713,0.99996001,6.158646836125e-06,1.145000000002394e-08,-1.0217830788749984e-09
3.937007874015748,0.99996531,5.5601953311999996e-06,9.539999999974569e-09,-8.864175820000001e-10
3.944773175542406,0.99996984,5.110738185149999e-06,7.810000000052498e-09,-7.590721232249989e-10
3.952569169960474,0.99997187,4.9360604358999986e-06,6.3799999999725185e-09,-6.666793386000002e-10
3.960396039603961,0.99997169,5.130178534374999e-06,5.900000000003125e-09,-6.259014818750002e-10
3.9682539682539684,0.99996758,5.822624606399998e-06,6.080000000019403e-09,-6.582126096000011e-10
3.9761431411530817,0.99996334,6.507075218749999e-06,6.669999999986409e-09,-7.127263529999994e-10
3.9840637450199203,0.99996495,6.2957466308999984e-06,6.489999999970131e-09,-6.962303511000006e-10
3.992015968063872,0.9999699,5.559069747599999e-06,5.719999999986847e-09,-6.398768493000002e-10
4.0,0.99997121,5.417637499999999e-06,5.660000000018428e-09,-6.413187499999997e-10
4.008016032064128,0.99996614,6.298916046749999e-06,6.5499999999385495e-09,-7.339304474999992e-10
4.016064257028113,0.99996293,6.871322825999999e-06,7.4500000000199406e-09,-7.906367519999983e-10
4.0241448692152915,0.99996144,7.159926378499999e-06,7.989999999957753e-09,-8.492786942499989e-10
4.032258064516129,0.9999615,7.185020288e-06,8.469999999927148e-09,-9.082295679999989e-10
4.040404040404041,0.99996281,6.9416807625e-06,8.589999999975007e-09,-9.328714312499994e-10
4.048582995951417,0.99996734,6.142447128999999e-06,7.690000000004637e-09,-8.591287379999998e-10
4.056795131845842,0.99997127,5.556318884099999e-06,6.850000000002688e-09,-7.74013845400001e-10
4.065040650406504,0.99996901,6.173600255999999e-06,6.800000000084516e-09,-8.000215200000001e-10
4.0733197556008145,0.99995881,8.362858808999998e-06,8.459999999987921e-09,-9.563080567499995e-10
4.081632653061225,0.9999432,1.1718800799999998e-05,1.0490000000085153e-08,-1.1713278499999992e-09
4.08997955010225,0.99993169,1.4371351440749998e-05,1.1980000000022528e-08,-1.3094863762499988e-09
4.098360655737705,0.9999311,1.4641926623999998e-05,1.1749999999977057e-08,-1.3063389120000003e-09
