examples/modtran_38km_sun_180az_55zd_los_45zd.csv
# %ECSV 0.9
# ---
# datatype:
# - {name: Wavelength, unit: micron, datatype: float64}
# - {name: Transmission, datatype: float64}
# - {name: Radiance, unit: W / (m2 micron sr), datatype: float64}
# - {name: dtr/dh, unit: 1 / m, datatype: float64}
# - {name: dradiance/dh, unit: W / (m3 micron sr), datatype: float64}
# delimiter: ','
# meta: !!omap
# - __serialized_columns__:
#     Radiance:
#       __class__: astropy.units.quantity.Quantity
#       unit: !astropy.units.Unit {unit: W / (m2 micron sr)}
#       value: !astropy.table.SerializedColumn {name: Radiance}
#     Transmission:
#       __class__: astropy.units.quantity.Quantity
#       unit: !astropy.units.Unit {unit: ''}
#       value: !astropy.table.SerializedColumn {name: Transmission}
#     Wavelength:
#       __class__: astropy.units.quantity.Quantity
#       unit: !astropy.units.Unit {unit: micron}
#       value: !astropy.table.SerializedColumn {name: Wavelength}
#     dradiance/dh:
#       __class__: astropy.units.quantity.Quantity
#       unit: !astropy.units.Unit {unit: W / (m3 micron sr)}
#       value: !astropy.table.SerializedColumn {name: dradiance/dh}
#     dtr/dh:
#       __class__: astropy.units.quantity.Quantity
#       unit: !astropy.units.Unit {unit: 1 / m}
#       value: !astropy.table.SerializedColumn {name: dtr/dh}
# schema: astropy-2.0
Wavelength,Transmission,Radiance,dtr/dh,dradiance/dh
[from data line 339]
0.5462988254575253,0.99732852,0.17129335125629996,5.50150000000027e-07,-2.4270009346800013e-05
0.546448087431694,0.9973259,0.17091881396999997,5.508699999999811e-07,-2.4217235459999987e-05
0.5465974309920744,0.99732316,0.17057272466645,5.517099999999831e-07,-2.4167855447149973e-05
0.5467468562055768,0.99732047,0.17025604069499997,5.522300000000424e-07,-2.41232018992e-05
0.5468963631391851,0.99731791,0.17000482306432496,5.527699999999802e-07,-2.40872792139e-05
0.5470459518599563,0.99731511,0.16977452165439996,5.533099999999181e-07,-2.4054726582400017e-05
0.5471956224350205,0.99731231,0.16951567400562498,5.536699999999506e-07,-2.4017857071874982e-05
0.5473453749315819,0.99731028,0.16923667202189996,5.542600000000286e-07,-2.39783467644e-05
0.5474952094169176,0.99730772,0.16891019301974997,5.549799999999827e-07,-2.3932196710824998e-05
0.547645125958379,0.99730569,0.16852064416439996,5.560500000000301e-07,-2.3876750436000016e-05
0.5477951246233909,0.99730289,0.16807279484879997,5.564700000000311e-07,-2.3813356241475013e-05
0.547945205479452,0.99730098,0.16775891837499998,5.570599999999981e-07,-2.3769338375000005e-05
0.5480953685941353,0.99729878,0.16751721226089997,5.574300000000809e-07,-2.3734678662525015e-05
0.5482456140350878,0.99729681,0.16722279659519998,5.579600000000795e-07,-2.3693059583999977e-05
0.5483959418700302,0.9972946,0.16701607972822496,5.584900000000781e-07,-2.3663778502350018e-05
0.5485463521667581,0.99729282,0.16687431907699998,5.590399999999551e-07,-2.364349183759998e-05
0.5486968449931413,0.99729079,0.16676618579999997,5.596300000000331e-07,-2.362819901062499e-05
0.548847420417124,0.99728894,0.16660863256039998,5.597999999999992e-07,-2.360594095559998e-05
0.5489980785067252,0.99728709,0.16649663164327497,5.608800000000969e-07,-2.3590332383725015e-05
0.5491488193300385,0.99728549,0.16641385956449997,5.612400000000184e-07,-2.3578377926399997e-05
0.549299642955232,0.9972837,0.16631983475992496,5.6118000000005e-07,-2.3565100243575e-05
0.5494505494505495,0.99728209,0.16619635759999996,5.617799999999562e-07,-2.3547851600000004e-05
0.549601538884309,0.9972803,0.16605671899184996,5.618899999999538e-07,-2.3527962778725014e-05
0.5497526113249038,0.99727875,0.16590160741609997,5.62489999999971e-07,-2.3506099896200007e-05
0.5499037668408029,0.99727756,0.16575684264477497,5.627299999999558e-07,-2.3485573165274997e-05
0.5500550055005501,0.99727553,0.16571561223599995,5.631400000000175e-07,-2.3479600896000015e-05
0.5502063273727648,0.99727339,0.165667084719375,5.632100000000361e-07,-2.3472633551249957e-05
0.550357732526142,0.9972719,0.1655359981622,5.644599999999889e-07,-2.34541080049e-05
0.5505092210294522,0.99726963,0.16542906825374998,5.641600000000358e-07,-2.3438891860649987e-05
0.5506607929515419,0.99726766,0.16525556415999995,5.647500000000027e-07,-2.3414447814400023e-05
0.550812448361333,0.9972657,0.16501427749209996,5.651700000000037e-07,-2.338013190935001e-05
0.5509641873278237,0.99726343,0.16486706684249997,5.658299999999894e-07,-2.3359349474999986e-05
0.5511160099200881,0.99726093,0.16469031159729997,5.661900000000219e-07,-2.3334299164825017e-05
0.5512679162072768,0.99725878,0.1644778085832,5.666600000000522e-07,-2.3304000871999964e-05
0.5514199062586159,0.99725604,0.16423948341742498,5.671999999999899e-07,-2.327043656632502e-05
0.5515719801434087,0.99725372,0.16409173772109995,5.681600000000398e-07,-2.3249389130800018e-05
0.5517241379310345,0.99725097,0.16394210898437495,5.687399999999565e-07,-2.322835429687503e-05
0.5518763796909493,0.99724829,0.16372920191039997,5.692800000000054e-07,-2.319781036320001e-05
0.5520287054926856,0.99724543,0.16349282791272496,5.702399999999441e-07,-2.3164336152750015e-05
0.5521811154058531,0.99724239,0.16321006801139998,5.706500000000059e-07,-2.3124656826799982e-05
0.5523336095001381,0.99723905,0.16291836745447497,5.71370000000071e-07,-2.3083043980500013e-05
0.5524861878453039,0.99723613,0.16262527638999996,5.720200000000064e-07,-2.3041466519999998e-05
0.5526388505111909,0.99723315,0.16232850543717497,5.73220000000041e-07,-2.2999597003074995e-05
0.552791597567717,0.99722922,0.16197439232789998,5.734000000000572e-07,-2.2949254756800013e-05
0.552944429084877,0.99722642,0.16158396477177497,5.748299999999152e-07,-2.2893724548325e-05
0.5530973451327433,0.99722302,0.16131876528639996,5.753599999999137e-07,-2.2856550860800018e-05
0.5532503457814661,0.99721986,0.161096910159375,5.760799999999788e-07,-2.282496178499996e-05
0.5534034311012728,0.9972164,0.1608807773794,5.767899999999937e-07,-2.2794050219199973e-05
0.5535566011624689,0.99721283,0.16066187272129998,5.776900000000751e-07,-2.2763162382199997e-05
0.5537098560354374,0.99720931,0.16040986778879995,5.783400000000106e-07,-2.2727405811600016e-05
0.5538631957906397,0.99720651,0.16014763658989994,5.798300000000589e-07,-2.2690374438150056e-05
0.5540166204986149,0.99720174,0.15988529625749998,5.795899999999632e-07,-2.2653047824999994e-05
0.5541701302299806,0.99719828,0.15961861416689996,5.8113999999998e-07,-2.261542650232501e-05
0.5543237250554324,0.99719435,0.15930463952479998,5.813799999999647e-07,-2.2570351284800005e-05
0.5544774050457444,0.99719065,0.15892848923704997,5.825699999999489e-07,-2.2517509345524987e-05
0.5546311702717692,0.99718678,0.1586147730516,5.835900000000782e-07,-2.2472517536099968e-05
0.5547850208044383,0.99718231,0.15826591735062495,5.841899999999844e-07,-2.2423341535e-05
0.5549389567147615,0.99717778,0.1579722532348,5.852600000000319e-07,-2.2382003010799984e-05
0.5550929780738274,0.99717367,0.15766229038545,5.865099999999845e-07,-2.2337779146524988e-05
0.5552470849528041,0.99716914,0.15733767806709997,5.88000000000033e-07,-2.2291972232599987e-05
0.5554012774229381,0.99716437,0.15698741890649998,5.891900000000172e-07,-2.224199151525e-05
0.5555555555555556,0.99715954,0.15663617999999996,5.894300000000019e-07,-2.2192055999999987e-05
0.5557099194220617,0.99715424,0.15627910608527495,5.905099999999885e-07,-2.214151802940001e-05
0.5558643690939411,0.99714929,0.15587445772289998,5.919899999999867e-07,-2.208422950369998e-05
0.5560189046427578,0.99714363,0.15543137153857498,5.930699999999733e-07,-2.2021172118000003e-05
0.5561735261401558,0.99713844,0.15495088196319995,5.948499999999246e-07,-2.1953325403200026e-05
0.5563282336578581,0.99713224,0.15444016014624995,5.961599999999568e-07,-2.188069742562504e-05
0.5564830272676683,0.99712664,0.15386535043199998,5.971200000000066e-07,-2.1799421196299988e-05
0.5566379070414695,0.9971202,0.15329239963824995,5.985499999999755e-07,-2.1718225253925028e-05
0.5567928730512249,0.99711442,0.1526806626208,5.997399999999598e-07,-2.1630980895999992e-05
0.556947925368978,0.99710757,0.15192156213517496,6.01480000000043e-07,-2.1523513517099994e-05
0.5571030640668524,0.99710089,0.15113842649749998,6.028399999999933e-07,-2.1412611542499987e-05
0.5572582892170521,0.99709463,0.15040343001044998,6.046299999999949e-07,-2.130826356425e-05
0.5574136008918618,0.99708706,0.14958839946959998,6.056400000000739e-07,-2.119275737279999e-05
0.5575689991636466,0.9970808,0.148853336761,6.077300000000285e-07,-2.108862825522498e-05
0.5577244841048522,0.99707329,0.14807433751549998,6.090399999999497e-07,-2.09781756646e-05
0.5578800557880056,0.99706608,0.14733983523374997,6.115999999999345e-07,-2.0873619928125003e-05
0.5580357142857143,0.99705851,0.14663177338879996,6.124400000000474e-07,-2.0773345689600015e-05
0.5581914596706671,0.99705106,0.14598926423574998,6.141699999999695e-07,-2.0682160126225006e-05
0.5583472920156337,0.99704349,0.14535349837019998,6.160100000000002e-07,-2.059234971569998e-05
0.5585032113934655,0.99703556,0.14484981563159996,6.178600000000811e-07,-2.052058290122502e-05
0.5586592178770949,0.9970277,0.14435623975999998,6.19539999999974e-07,-2.045048865999999e-05
0.5588153115395362,0.99701977,0.14387531629814998,6.213199999999253e-07,-2.0382384510225003e-05
0.5589714924538849,0.9970119,0.14348639757619996,6.231099999999268e-07,-2.0326828923100006e-05
0.5591277606933184,0.99700397,0.14318932993189998,6.254299999999269e-07,-2.028508043659999e-05
0.5592841163310962,0.99699569,0.14299419000959998,6.273999999999446e-07,-2.0257115961599985e-05
0.5594405594405595,0.99698663,0.14280910617187498,6.287699999999452e-07,-2.0230770828124967e-05
0.5595970900951315,0.9969784,0.14270750923029998,6.313300000000411e-07,-2.021594179139999e-05
0.559753708368318,0.99697024,0.14290054197794996,6.330599999999631e-07,-2.0243248737075004e-05
0.5599104143337066,0.9969613,0.14310030917239996,6.350900000000604e-07,-2.027147255960002e-05
0.5600672080649678,0.99695295,0.14334473647792498,6.372899999999016e-07,-2.0306031287375016e-05
0.5602240896358543,0.99694431,0.14367485081249998,6.391999999999509e-07,-2.035264943250001e-05
0.5603810591202018,0.99693507,0.14398096301947497,6.414100000000645e-07,-2.0395702913200004e-05
0.5605381165919282,0.99692661,0.14435031767679996,6.436200000000669e-07,-2.0447928268800015e-05
0.5606952621250351,0.99691778,0.14470710318202498,6.455699999999843e-07,-2.0498176953449993e-05
0.5608524957936063,0.99690884,0.14501954918629997,6.474800000000336e-07,-2.0542319391299996e-05
0.5610098176718092,0.99689984,0.14528391693437498,6.495699999999883e-07,-2.0579730311874988e-05
0.5611672278338945,0.9968909,0.145523150586,6.517700000000514e-07,-2.0613596493600004e-05
0.5613247263541958,0.99688143,0.14565636156994996,6.537500000000085e-07,-2.0632180993025023e-05
0.5614823133071308,0.99687326,0.145770639716,6.559499999999608e-07,-2.064819732559997e-05
0.5616399887672002,0.99686426,0.14584319134717497,6.577999999999306e-07,-2.0658479599125006e-05
0.5617977528089888,0.99685544,0.14589341375999998,6.599999999999939e-07,-2.066525532000002e-05
0.561955605507165,0.99684656,0.14592704431872497,6.623900000000126e-07,-2.0669797019850002e-05
0.5621135469364812,0.99683815,0.14591182946399997,6.645299999999965e-07,-2.0667677666400013e-05
0.5622715771717739,0.99682915,0.14591301051117497,6.662600000000296e-07,-2.0667448741500004e-05
0.562429696287964,0.99682093,0.14585595344879995,6.685300000000005e-07,-2.0658990940000037e-05
0.5625879043600562,0.99681181,0.14564660316187497,6.701999999999542e-07,-2.0629364158124996e-05
0.5627462014631401,0.99680394,0.14552804601269997,6.725800000000337e-07,-2.0612391820400007e-05
0.5629045876723895,0.99679559,0.14534106896924998,6.741799999999687e-07,-2.0585645336300003e-05
0.5630630630630631,0.99678767,0.14513783155199997,6.767500000000037e-07,-2.0556711244799992e-05
0.5632216277105041,0.99677998,0.14490228417142498,6.786600000000531e-07,-2.0523071347574973e-05
0.5633802816901409,0.9967711,0.14459761931249998,6.797299999999895e-07,-2.047969262500002e-05
0.5635390250774867,0.99676442,0.14428315242022496,6.817599999999757e-07,-2.043540835245003e-05
0.5636978579481398,0.99675733,0.14403852144399998,6.837899999999619e-07,-2.0400605462399995e-05
0.5638567803777841,0.99675035,0.14381580007899997,6.856299999999926e-07,-2.0368662840775013e-05
0.5640157924421884,0.9967429,0.1435948329555,6.866399999999606e-07,-2.0337375218399982e-05
0.5641748942172073,0.99673659,0.14340420732874998,6.880200000000114e-07,-2.0310197453750013e-05
0.564334085778781,0.99672985,0.14322314819679996,6.897399999999943e-07,-2.0284610638400007e-05
0.5644933672029353,0.99672407,0.14307266558362497,6.918899999999173e-07,-2.0263122677025015e-05
0.564652738565782,0.99671793,0.14287931517859997,6.928400000000278e-07,-2.023600368789999e-05
0.5648121999435188,0.99671209,0.14269614565347497,6.942800000000471e-07,-2.0209532568775002e-05
0.5649717514124294,0.99670637,0.14252815259999996,6.954099999999519e-07,-2.018590128e-05
0.5651313930488838,0.99670082,0.14234556474734997,6.96720000000095e-07,-2.015978211462499e-05
0.5652911249293386,0.99669576,0.14218533345989998,6.976800000000339e-07,-2.0137125098900006e-05
0.5654509471303364,0.99669051,0.14203741271917497,6.988599999999679e-07,-2.0116047833550006e-05
0.5656108597285068,0.99668515,0.1418383275712,7.002999999999871e-07,-2.0087795353599973e-05
0.5657708628005658,0.9966799,0.14165033367624996,7.009499999999224e-07,-2.006112720937503e-05
0.5659309564233164,0.99667507,0.14145030748259999,7.021999999999862e-07,-2.0032606223999992e-05
0.5660911406736485,0.99667019,0.14125231195959997,7.032799999999728e-07,-2.000473198807501e-05
0.5662514156285391,0.99666536,0.14106975452119996,7.04889999999958e-07,-1.997875093600002e-05
0.5664117813650523,0.9966616,0.14087330944582496,7.054200000000676e-07,-1.995091949317501e-05
0.56657223796034,0.9966554,0.14063496348999996,7.065499999999725e-07,-1.9916879515000015e-05
0.5667327854916407,0.99665076,0.14038716805659998,7.078099999999754e-07,-1.988162311842498e-05
0.5668934240362812,0.99664563,0.14015265485759998,7.088799999999118e-07,-1.984857527519998e-05
0.5670541536716757,0.99664092,0.13992362675812497,7.098899999999908e-07,-1.9816177303774996e-05
0.5672149744753262,0.99663597,0.13968329057829995,7.110800000000861e-07,-1.978163078360001e-05
0.5673758865248227,0.99663109,0.13943197645312497,7.125800000000737e-07,-1.9746181968749998e-05
0.5675368898978433,0.99662584,0.13914983361559996,7.138199999999761e-07,-1.97061068612e-05
0.5676979846721544,0.9966206,0.13881798725339997,7.150200000000106e-07,-1.9659241359549994e-05
0.5678591709256104,0.99661505,0.1384594706322,7.158499999999623e-07,-1.9608388083e-05
0.5680204487361545,0.99660969,0.13805232412754997,7.171700000000447e-07,-1.9550764456999992e-05
0.5681818181818182,0.9966048,0.13762048255999998,7.182399999999812e-07,-1.9489479679999977e-05
0.5683432793407218,0.99659973,0.13711817009677496,7.196000000000424e-07,-1.9418038800075006e-05
0.5685048322910744,0.99659491,0.13658449284779997,7.211599999999984e-07,-1.9342337963400015e-05
0.5686664771111742,0.99658948,0.13600744489617497,7.221700000000775e-07,-1.9260529134125017e-05
0.5688282138794084,0.99658436,0.13546961898119997,7.234899999999378e-07,-1.9184366973600014e-05
0.5689900426742532,0.99657881,0.13497311110937496,7.24550000000046e-07,-1.9113841955625016e-05
0.5691519635742743,0.99657375,0.13453205189549997,7.262900000000183e-07,-1.9051105493699982e-05
0.569313976658127,0.99656874,0.13410068500012498,7.271799999999385e-07,-1.8989973798749978e-05
0.5694760820045558,0.99656373,0.13369472047359995,7.283099999999543e-07,-1.893260268640004e-05
0.5696382796923953,0.99655885,0.13327744229372498,7.296900000000051e-07,-1.8873130429025e-05
0.5698005698005698,0.99655348,0.13285133433,7.310499999999554e-07,-1.8813100702499973e-05
0.5699629524080935,0.99654835,0.13242256874962496,7.315199999999855e-07,-1.875220670895e-05
0.5701254275940707,0.99654388,0.13201299390839996,7.333700000000664e-07,-1.8694141822400006e-05
0.570287995437696,0.99653912,0.13160874111052498,7.343899999999737e-07,-1.8636748949699993e-05
0.5704506560182544,0.99653465,0.13128478319709996,7.354099999999919e-07,-1.8590475246400007e-05
0.5706134094151213,0.99653029,0.13097402990687498,7.363500000000523e-07,-1.8546395116875004e-05
0.5707762557077626,0.99652624,0.1306954899648,7.37899999999958e-07,-1.8507267417600004e-05
0.5709391949757351,0.99652243,0.13051261107264997,7.387999999999285e-07,-1.8481059879674994e-05
0.5711022272986864,0.99651867,0.13038138592489998,7.394500000000858e-07,-1.846253822170002e-05
0.5712653527563553,0.99651498,0.13041449063999996,7.401100000000715e-07,-1.8467316981675003e-05
0.5714285714285714,0.99651146,0.13054334999999997,7.405299999999615e-07,-1.848524999999998e-05
0.5715918833952558,0.99650854,0.13070383007579997,7.416599999999773e-07,-1.850805068672501e-05
0.5717552887364208,0.99650544,0.13082980196879998,7.424999999999793e-07,-1.85259218562e-05
0.5719187875321704,0.99650288,0.13091704439904997,7.427999999999324e-07,-1.853826046832499e-05
0.5720823798627003,0.99650073,0.13100931725599999,7.438699999999798e-07,-1.8551186985599987e-05
0.5722460658082975,0.99649817,0.13106385911812496,7.434499999999789e-07,-1.8558898233750008e-05
0.5724098454493417,0.99649668,0.13112315746609995,7.440499999999961e-07,-1.856750715330002e-05
