examples/Spec-wl_sol.csv
# %ECSV 0.9
# ---
# delimiter: ","
# datatype:
# - {name: Wavelength, unit: micron, datatype: float64}
# - {name: y, unit: micron, datatype: float64}
# - {name: x, unit: micron, datatype: float64}
Wavelength,y,x
0.95700,0.0,-412.4
0.95838,0.0,-410.7
0.95977,0.0,-409.1
0.96115,0.0,-407.4
0.96254,0.0,-405.8
0.96392,0.0,-404.1
0.96531,0.0,-402.5
0.96669,0.0,-400.9
0.96808,0.0,-399.3
0.96946,0.0,-397.7
0.97084,0.0,-396.1
0.97223,0.0,-394.5
0.97361,0.0,-392.9
0.97500,0.0,-391.3
0.97638,0.0,-389.8
0.97777,0.0,-388.2
0.97915,0.0,-386.6
0.98053,0.0,-385.1
0.98192,0.0,-383.6
0.98330,0.0,-382.0
0.98469,0.0,-380.5
0.98607,0.0,-379.0
0.98746,0.0,-377.5
0.98884,0.0,-376.0
0.99023,0.0,-374.5
0.99161,0.0,-373.0
0.99299,0.0,-371.5
0.99438,0.0,-370.0
0.99576,0.0,-368.6
0.99715,0.0,-367.1
0.99853,0.0,-365.6
0.99992,0.0,-364.2
1.00130,0.0,-362.7
1.00268,0.0,-361.3
1.00407,0.0,-359.9
1.00545,0.0,-358.4
1.00684,0.0,-357.0
1.00822,0.0,-355.6
1.00961,0.0,-354.2
1.01099,0.0,-352.8
1.01238,0.0,-351.4
1.01376,0.0,-350.0
1.01514,0.0,-348.6
1.01653,0.0,-347.2
1.01791,0.0,-345.8
1.01930,0.0,-344.4
1.02068,0.0,-343.0
1.02207,0.0,-341.7
1.02345,0.0,-340.3
1.02483,0.0,-339.0
1.02622,0.0,-337.6
1.02760,0.0,-336.3
1.02899,0.0,-334.9
1.03037,0.0,-333.6
1.03176,0.0,-332.2
1.03314,0.0,-330.9
1.03453,0.0,-329.6
1.03591,0.0,-328.3
1.03729,0.0,-327.0
1.03868,0.0,-325.6
1.04006,0.0,-324.3
1.04145,0.0,-323.0
1.04283,0.0,-321.7
1.04422,0.0,-320.4
1.04560,0.0,-319.1
1.04698,0.0,-317.9
1.04837,0.0,-316.6
1.04975,0.0,-315.3
1.05114,0.0,-314.0
1.05252,0.0,-312.8
1.05391,0.0,-311.5
1.05529,0.0,-310.2
1.05668,0.0,-309.0
1.05806,0.0,-307.7
1.05944,0.0,-306.5
1.06083,0.0,-305.2
1.06221,0.0,-304.0
1.06360,0.0,-302.7
1.06498,0.0,-301.5
1.06637,0.0,-300.3
1.06775,0.0,-299.0
1.06914,0.0,-297.8
1.07052,0.0,-296.6
1.07190,0.0,-295.4
1.07329,0.0,-294.2
1.07467,0.0,-293.0
1.07606,0.0,-291.7
1.07744,0.0,-290.5
1.07883,0.0,-289.3
1.08021,0.0,-288.1
1.08159,0.0,-286.9
1.08298,0.0,-285.8
1.08436,0.0,-284.6
1.08575,0.0,-283.4
1.08713,0.0,-282.2
1.08852,0.0,-281.0
1.08990,0.0,-279.9
1.09129,0.0,-278.7
1.09267,0.0,-277.5
1.09405,0.0,-276.3
1.09544,0.0,-275.2
1.09682,0.0,-274.0
1.09821,0.0,-272.9
1.09959,0.0,-271.7
1.10098,0.0,-270.6
1.10236,0.0,-269.4
1.10374,0.0,-268.3
1.10513,0.0,-267.1
1.10651,0.0,-266.0
1.10790,0.0,-264.9
1.10928,0.0,-263.7
1.11067,0.0,-262.6
1.11205,0.0,-261.5
1.11344,0.0,-260.3
1.11482,0.0,-259.2
1.11620,0.0,-258.1
1.11759,0.0,-257.0
1.11897,0.0,-255.9
1.12036,0.0,-254.8
1.12174,0.0,-253.6
1.12313,0.0,-252.5
1.12451,0.0,-251.4
1.12589,0.0,-250.3
1.12728,0.0,-249.2
1.12866,0.0,-248.1
1.13005,0.0,-247.1
1.13143,0.0,-246.0
1.13282,0.0,-244.9
1.13420,0.0,-243.8
1.13559,0.0,-242.7
1.13697,0.0,-241.6
1.13835,0.0,-240.5
1.13974,0.0,-239.5
1.14112,0.0,-238.4
1.14251,0.0,-237.3
1.14389,0.0,-236.3
1.14528,0.0,-235.2
1.14666,0.0,-234.1
1.14805,0.0,-233.1
1.14943,0.0,-232.0
1.15081,0.0,-230.9
1.15220,0.0,-229.9
1.15358,0.0,-228.8
1.15497,0.0,-227.8
1.15635,0.0,-226.7
1.15774,0.0,-225.7
1.15912,0.0,-224.7
1.16050,0.0,-223.6
1.16189,0.0,-222.6
1.16327,0.0,-221.5
1.16466,0.0,-220.5
1.16604,0.0,-219.5
1.16743,0.0,-218.4
1.16881,0.0,-217.4
1.17020,0.0,-216.4
1.17158,0.0,-215.4
1.17296,0.0,-214.3
1.17435,0.0,-213.3
1.17573,0.0,-212.3
1.17712,0.0,-211.3
1.17850,0.0,-210.3
1.17989,0.0,-209.3
1.18127,0.0,-208.2
1.18265,0.0,-207.2
1.18404,0.0,-206.2
1.18542,0.0,-205.2
1.18681,0.0,-204.2
1.18819,0.0,-203.2
1.18958,0.0,-202.2
1.19096,0.0,-201.2
1.19235,0.0,-200.2
1.19373,0.0,-199.2
1.19511,0.0,-198.2
1.19650,0.0,-197.3
1.19788,0.0,-196.3
1.19927,0.0,-195.3
1.20065,0.0,-194.3
1.20204,0.0,-193.3
1.20342,0.0,-192.3
1.20480,0.0,-191.4
1.20619,0.0,-190.4
1.20757,0.0,-189.4
1.20896,0.0,-188.4
1.21034,0.0,-187.5
1.21173,0.0,-186.5
1.21311,0.0,-185.5
1.21450,0.0,-184.6
1.21588,0.0,-183.6
1.21726,0.0,-182.6
1.21865,0.0,-181.7
1.22003,0.0,-180.7
1.22142,0.0,-179.8
1.22280,0.0,-178.8
1.22419,0.0,-177.9
1.22557,0.0,-176.9
1.22695,0.0,-176.0
1.22834,0.0,-175.0
1.22972,0.0,-174.1
1.23111,0.0,-173.1
1.23249,0.0,-172.2
1.23388,0.0,-171.2
1.23526,0.0,-170.3
1.23665,0.0,-169.3
1.23803,0.0,-168.4
1.23941,0.0,-167.5
1.24080,0.0,-166.5
1.24218,0.0,-165.6
1.24357,0.0,-164.7
1.24495,0.0,-163.8
1.24634,0.0,-162.8
1.24772,0.0,-161.9
1.24911,0.0,-161.0
1.25049,0.0,-160.0
1.25187,0.0,-159.1
1.25326,0.0,-158.2
1.25464,0.0,-157.3
1.25603,0.0,-156.4
1.25741,0.0,-155.5
1.25880,0.0,-154.5
1.26018,0.0,-153.6
1.26156,0.0,-152.7
1.26295,0.0,-151.8
1.26433,0.0,-150.9
1.26572,0.0,-150.0
1.26710,0.0,-149.1
1.26849,0.0,-148.2
1.26987,0.0,-147.3
1.27126,0.0,-146.4
1.27264,0.0,-145.5
1.27402,0.0,-144.6
1.27541,0.0,-143.7
1.27679,0.0,-142.8
1.27818,0.0,-141.9
1.27956,0.0,-141.0
1.28095,0.0,-140.1
1.28233,0.0,-139.2
1.28371,0.0,-138.3
1.28510,0.0,-137.4
1.28648,0.0,-136.6
1.28787,0.0,-135.7
1.28925,0.0,-134.8
1.29064,0.0,-133.9
1.29202,0.0,-133.0
1.29341,0.0,-132.1
1.29479,0.0,-131.3
1.29617,0.0,-130.4
1.29756,0.0,-129.5
1.29894,0.0,-128.6
1.30033,0.0,-127.8
1.30171,0.0,-126.9
1.30310,0.0,-126.0
1.30448,0.0,-125.2
1.30586,0.0,-124.3
1.30725,0.0,-123.4
1.30863,0.0,-122.6
1.31002,0.0,-121.7
1.31140,0.0,-120.8
1.31279,0.0,-120.0
1.31417,0.0,-119.1
1.31556,0.0,-118.3
1.31694,0.0,-117.4
1.31832,0.0,-116.5
1.31971,0.0,-115.7
1.32109,0.0,-114.8
1.32248,0.0,-114.0
1.32386,0.0,-113.1
1.32525,0.0,-112.3
1.32663,0.0,-111.4
1.32802,0.0,-110.6
1.32940,0.0,-109.7
1.33078,0.0,-108.9
1.33217,0.0,-108.0
1.33355,0.0,-107.2
1.33494,0.0,-106.4
1.33632,0.0,-105.5
1.33771,0.0,-104.7
1.33909,0.0,-103.8
1.34047,0.0,-103.0
1.34186,0.0,-102.2
1.34324,0.0,-101.3
1.34463,0.0,-100.5
1.34601,0.0,-99.7
1.34740,0.0,-98.8
1.34878,0.0,-98.0
1.35017,0.0,-97.2
1.35155,0.0,-96.3
1.35293,0.0,-95.5
1.35432,0.0,-94.7
1.35570,0.0,-93.9
1.35709,0.0,-93.0
1.35847,0.0,-92.2
1.35986,0.0,-91.4
1.36124,0.0,-90.6
1.36262,0.0,-89.7
1.36401,0.0,-88.9
1.36539,0.0,-88.1
1.36678,0.0,-87.3
1.36816,0.0,-86.5
1.36955,0.0,-85.7
1.37093,0.0,-84.8
1.37232,0.0,-84.0
1.37370,0.0,-83.2
1.37508,0.0,-82.4
1.37647,0.0,-81.6
1.37785,0.0,-80.8
1.37924,0.0,-80.0
1.38062,0.0,-79.2
1.38201,0.0,-78.4
1.38339,0.0,-77.6
1.38477,0.0,-76.8
1.38616,0.0,-76.0
1.38754,0.0,-75.2
1.38893,0.0,-74.4
1.39031,0.0,-73.6
1.39170,0.0,-72.8
1.39308,0.0,-72.0
1.39447,0.0,-71.2
1.39585,0.0,-70.4
1.39723,0.0,-69.6
1.39862,0.0,-68.8
1.40000,0.0,-68.0
1.40139,0.0,-67.2
1.40277,0.0,-66.4
1.40416,0.0,-65.6
1.40554,0.0,-64.8
1.40692,0.0,-64.0
1.40831,0.0,-63.3
1.40969,0.0,-62.5
1.41108,0.0,-61.7
1.41246,0.0,-60.9
1.41385,0.0,-60.1
1.41523,0.0,-59.3
1.41662,0.0,-58.6
1.41800,0.0,-57.8
1.41938,0.0,-57.0
1.42077,0.0,-56.2
1.42215,0.0,-55.4
1.42354,0.0,-54.7
1.42492,0.0,-53.9
1.42631,0.0,-53.1
1.42769,0.0,-52.3
1.42908,0.0,-51.6
1.43046,0.0,-50.8
1.43184,0.0,-50.0
1.43323,0.0,-49.2
1.43461,0.0,-48.5
1.43600,0.0,-47.7
1.43738,0.0,-46.9
1.43877,0.0,-46.2
1.44015,0.0,-45.4
1.44153,0.0,-44.6
1.44292,0.0,-43.9
1.44430,0.0,-43.1
1.44569,0.0,-42.4
1.44707,0.0,-41.6
1.44846,0.0,-40.8
1.44984,0.0,-40.1
1.45123,0.0,-39.3
1.45261,0.0,-38.5
1.45399,0.0,-37.8
1.45538,0.0,-37.0
1.45676,0.0,-36.3
1.45815,0.0,-35.5
1.45953,0.0,-34.8
1.46092,0.0,-34.0
1.46230,0.0,-33.3
1.46368,0.0,-32.5
1.46507,0.0,-31.8
1.46645,0.0,-31.0
1.46784,0.0,-30.3
1.46922,0.0,-29.5
1.47061,0.0,-28.8
1.47199,0.0,-28.0
1.47338,0.0,-27.3
1.47476,0.0,-26.5
1.47614,0.0,-25.8
1.47753,0.0,-25.0
1.47891,0.0,-24.3
1.48030,0.0,-23.6
1.48168,0.0,-22.8
1.48307,0.0,-22.1
1.48445,0.0,-21.3
1.48583,0.0,-20.6
1.48722,0.0,-19.9
1.48860,0.0,-19.1
1.48999,0.0,-18.4
1.49137,0.0,-17.6
1.49276,0.0,-16.9
1.49414,0.0,-16.2
1.49553,0.0,-15.4
1.49691,0.0,-14.7
1.49829,0.0,-14.0
1.49968,0.0,-13.2
1.50106,0.0,-12.5
1.50245,0.0,-11.8
1.50383,0.0,-11.1
1.50522,0.0,-10.3
1.50660,0.0,-9.6
1.50798,0.0,-8.9
1.50937,0.0,-8.1
1.51075,0.0,-7.4
1.51214,0.0,-6.7
1.51352,0.0,-6.0
1.51491,0.0,-5.3
1.51629,0.0,-4.5
1.51768,0.0,-3.8
1.51906,0.0,-3.1
1.52044,0.0,-2.4
1.52183,0.0,-1.6
1.52321,0.0,-0.9
1.52460,0.0,-0.2
1.52598,0.0,0.5
1.52737,0.0,1.2
1.52875,0.0,1.9
1.53014,0.0,2.7
1.53152,0.0,3.4
1.53290,0.0,4.1
1.53429,0.0,4.8
1.53567,0.0,5.5
1.53706,0.0,6.2
1.53844,0.0,6.9
1.53983,0.0,7.6
1.54121,0.0,8.4
1.54259,0.0,9.1
1.54398,0.0,9.8
1.54536,0.0,10.5
1.54675,0.0,11.2
1.54813,0.0,11.9
1.54952,0.0,12.6
1.55090,0.0,13.3
1.55229,0.0,14.0
1.55367,0.0,14.7
1.55505,0.0,15.4
1.55644,0.0,16.1
1.55782,0.0,16.8
1.55921,0.0,17.5
1.56059,0.0,18.2
1.56198,0.0,18.9
1.56336,0.0,19.6
1.56474,0.0,20.3
1.56613,0.0,21.0
1.56751,0.0,21.7
1.56890,0.0,22.4
1.57028,0.0,23.1
1.57167,0.0,23.8
1.57305,0.0,24.5
1.57444,0.0,25.2
1.57582,0.0,25.9
1.57720,0.0,26.6
1.57859,0.0,27.3
1.57997,0.0,27.9
1.58136,0.0,28.6
1.58274,0.0,29.3
1.58413,0.0,30.0
1.58551,0.0,30.7
1.58689,0.0,31.4
1.58828,0.0,32.1
1.58966,0.0,32.8
1.59105,0.0,33.5
1.59243,0.0,34.1
1.59382,0.0,34.8
1.59520,0.0,35.5
1.59659,0.0,36.2
1.59797,0.0,36.9
1.59935,0.0,37.6
1.60074,0.0,38.2
1.60212,0.0,38.9
1.60351,0.0,39.6
1.60489,0.0,40.3
1.60628,0.0,41.0
1.60766,0.0,41.6
1.60905,0.0,42.3
1.61043,0.0,43.0
1.61181,0.0,43.7
1.61320,0.0,44.3
1.61458,0.0,45.0
1.61597,0.0,45.7
1.61735,0.0,46.4
1.61874,0.0,47.0
1.62012,0.0,47.7
1.62150,0.0,48.4
1.62289,0.0,49.1
1.62427,0.0,49.7
1.62566,0.0,50.4
1.62704,0.0,51.1
1.62843,0.0,51.7
1.62981,0.0,52.4
1.63120,0.0,53.1
1.63258,0.0,53.8
1.63396,0.0,54.4
1.63535,0.0,55.1
1.63673,0.0,55.8
1.63812,0.0,56.4
1.63950,0.0,57.1
1.64089,0.0,57.7
1.64227,0.0,58.4
1.64365,0.0,59.1
1.64504,0.0,59.7
1.64642,0.0,60.4
1.64781,0.0,61.1
1.64919,0.0,61.7
1.65058,0.0,62.4
1.65196,0.0,63.0
1.65335,0.0,63.7
1.65473,0.0,64.4
1.65611,0.0,65.0
1.65750,0.0,65.7
1.65888,0.0,66.3
1.66027,0.0,67.0
1.66165,0.0,67.6
1.66304,0.0,68.3
1.66442,0.0,69.0
1.66580,0.0,69.6
1.66719,0.0,70.3
1.66857,0.0,70.9
1.66996,0.0,71.6
1.67134,0.0,72.2
1.67273,0.0,72.9
1.67411,0.0,73.5
1.67550,0.0,74.2
1.67688,0.0,74.8
1.67826,0.0,75.5
1.67965,0.0,76.1
1.68103,0.0,76.8
1.68242,0.0,77.4
1.68380,0.0,78.1
1.68519,0.0,78.7
1.68657,0.0,79.4
1.68795,0.0,80.0
1.68934,0.0,80.7
1.69072,0.0,81.3
1.69211,0.0,81.9
1.69349,0.0,82.6
1.69488,0.0,83.2
1.69626,0.0,83.9
1.69765,0.0,84.5
1.69903,0.0,85.2
1.70041,0.0,85.8
1.70180,0.0,86.4
1.70318,0.0,87.1
1.70457,0.0,87.7
1.70595,0.0,88.4
1.70734,0.0,89.0
1.70872,0.0,89.6
1.71011,0.0,90.3
1.71149,0.0,90.9
1.71287,0.0,91.6
1.71426,0.0,92.2
1.71564,0.0,92.8
1.71703,0.0,93.5
1.71841,0.0,94.1
1.71980,0.0,94.7
1.72118,0.0,95.4
1.72256,0.0,96.0
1.72395,0.0,96.6
1.72533,0.0,97.3
1.72672,0.0,97.9
1.72810,0.0,98.5
1.72949,0.0,99.2
1.73087,0.0,99.8
1.73226,0.0,100.4
1.73364,0.0,101.0
1.73502,0.0,101.7
1.73641,0.0,102.3
1.73779,0.0,102.9
1.73918,0.0,103.6
1.74056,0.0,104.2
1.74195,0.0,104.8
1.74333,0.0,105.4
1.74471,0.0,106.1
1.74610,0.0,106.7
1.74748,0.0,107.3
1.74887,0.0,107.9
1.75025,0.0,108.6
1.75164,0.0,109.2
1.75302,0.0,109.8
1.75441,0.0,110.4
1.75579,0.0,111.1
1.75717,0.0,111.7
1.75856,0.0,112.3
1.75994,0.0,112.9
1.76133,0.0,113.5
1.76271,0.0,114.2
1.76410,0.0,114.8
1.76548,0.0,115.4
1.76686,0.0,116.0
1.76825,0.0,116.6
1.76963,0.0,117.2
1.77102,0.0,117.9
1.77240,0.0,118.5
1.77379,0.0,119.1
1.77517,0.0,119.7
1.77656,0.0,120.3
1.77794,0.0,120.9
1.77932,0.0,121.6
1.78071,0.0,122.2
1.78209,0.0,122.8
1.78348,0.0,123.4
1.78486,0.0,124.0
1.78625,0.0,124.6
1.78763,0.0,125.2
1.78902,0.0,125.8
1.79040,0.0,126.5
1.79178,0.0,127.1
1.79317,0.0,127.7
1.79455,0.0,128.3
1.79594,0.0,128.9
1.79732,0.0,129.5
1.79871,0.0,130.1
1.80009,0.0,130.7
1.80147,0.0,131.3
1.80286,0.0,131.9
1.80424,0.0,132.5
1.80563,0.0,133.1
1.80701,0.0,133.7
1.80840,0.0,134.4
1.80978,0.0,135.0
1.81117,0.0,135.6
1.81255,0.0,136.2
1.81393,0.0,136.8
1.81532,0.0,137.4
1.81670,0.0,138.0
1.81809,0.0,138.6
1.81947,0.0,139.2
1.82086,0.0,139.8
1.82224,0.0,140.4
1.82362,0.0,141.0
1.82501,0.0,141.6
1.82639,0.0,142.2
1.82778,0.0,142.8
1.82916,0.0,143.4
1.83055,0.0,144.0
1.83193,0.0,144.6
1.83332,0.0,145.2
1.83470,0.0,145.8
1.83608,0.0,146.4
1.83747,0.0,147.0
1.83885,0.0,147.6
1.84024,0.0,148.1
1.84162,0.0,148.7
1.84301,0.0,149.3
1.84439,0.0,149.9
1.84577,0.0,150.5
1.84716,0.0,151.1
1.84854,0.0,151.7
1.84993,0.0,152.3
1.85131,0.0,152.9
1.85270,0.0,153.5
1.85408,0.0,154.1
1.85547,0.0,154.7
1.85685,0.0,155.3
1.85823,0.0,155.9
1.85962,0.0,156.4
1.86100,0.0,157.0
1.86239,0.0,157.6
1.86377,0.0,158.2
1.86516,0.0,158.8
1.86654,0.0,159.4
1.86792,0.0,160.0
1.86931,0.0,160.6
1.87069,0.0,161.1
1.87208,0.0,161.7
1.87346,0.0,162.3
1.87485,0.0,162.9
1.87623,0.0,163.5
1.87762,0.0,164.1
1.87900,0.0,164.7
1.88038,0.0,165.2
1.88177,0.0,165.8
1.88315,0.0,166.4
1.88454,0.0,167.0
1.88592,0.0,167.6
1.88731,0.0,168.2
1.88869,0.0,168.7
1.89008,0.0,169.3
1.89146,0.0,169.9
1.89284,0.0,170.5
1.89423,0.0,171.1
1.89561,0.0,171.6
1.89700,0.0,172.2
1.89838,0.0,172.8
1.89977,0.0,173.4
1.90115,0.0,174.0
1.90253,0.0,174.5
1.90392,0.0,175.1
1.90530,0.0,175.7
1.90669,0.0,176.3
1.90807,0.0,176.8
1.90946,0.0,177.4
1.91084,0.0,178.0
1.91223,0.0,178.6
1.91361,0.0,179.1
1.91499,0.0,179.7
1.91638,0.0,180.3
1.91776,0.0,180.9
1.91915,0.0,181.4
1.92053,0.0,182.0
1.92192,0.0,182.6
1.92330,0.0,183.1
1.92468,0.0,183.7
1.92607,0.0,184.3
1.92745,0.0,184.9
1.92884,0.0,185.4
1.93022,0.0,186.0
1.93161,0.0,186.6
1.93299,0.0,187.1
1.93438,0.0,187.7
1.93576,0.0,188.3
1.93714,0.0,188.9
1.93853,0.0,189.4
1.93991,0.0,190.0
1.94130,0.0,190.6
1.94268,0.0,191.1
1.94407,0.0,191.7
1.94545,0.0,192.3
1.94683,0.0,192.8
1.94822,0.0,193.4
1.94960,0.0,194.0
1.95099,0.0,194.5
1.95237,0.0,195.1
1.95376,0.0,195.6
1.95514,0.0,196.2
1.95653,0.0,196.8
1.95791,0.0,197.3
1.95929,0.0,197.9
1.96068,0.0,198.5
1.96206,0.0,199.0
1.96345,0.0,199.6
1.96483,0.0,200.2
1.96622,0.0,200.7
1.96760,0.0,201.3
1.96898,0.0,201.8
1.97037,0.0,202.4
1.97175,0.0,203.0
1.97314,0.0,203.5
1.97452,0.0,204.1
1.97591,0.0,204.6
1.97729,0.0,205.2
1.97868,0.0,205.8
1.98006,0.0,206.3
1.98144,0.0,206.9
1.98283,0.0,207.4
1.98421,0.0,208.0
1.98560,0.0,208.5
1.98698,0.0,209.1
1.98837,0.0,209.6
1.98975,0.0,210.2
1.99114,0.0,210.8
1.99252,0.0,211.3
1.99390,0.0,211.9
1.99529,0.0,212.4
1.99667,0.0,213.0
1.99806,0.0,213.5
1.99944,0.0,214.1
2.00083,0.0,214.6
2.00221,0.0,215.2
2.00359,0.0,215.7
2.00498,0.0,216.3
2.00636,0.0,216.8
2.00775,0.0,217.4
2.00913,0.0,217.9
2.01052,0.0,218.5
2.01190,0.0,219.0
2.01329,0.0,219.6
2.01467,0.0,220.1
2.01605,0.0,220.7
2.01744,0.0,221.2
2.01882,0.0,221.8
2.02021,0.0,222.3
2.02159,0.0,222.9
2.02298,0.0,223.4
2.02436,0.0,224.0
2.02574,0.0,224.5
2.02713,0.0,225.1
2.02851,0.0,225.6
2.02990,0.0,226.2
2.03128,0.0,226.7
2.03267,0.0,227.3
2.03405,0.0,227.8
2.03544,0.0,228.4
2.03682,0.0,228.9
2.03820,0.0,229.4
2.03959,0.0,230.0
2.04097,0.0,230.5
2.04236,0.0,231.1
2.04374,0.0,231.6
2.04513,0.0,232.2
2.04651,0.0,232.7
2.04789,0.0,233.2
2.04928,0.0,233.8
2.05066,0.0,234.3
2.05205,0.0,234.9
2.05343,0.0,235.4
2.05482,0.0,236.0
2.05620,0.0,236.5
2.05759,0.0,237.0
2.05897,0.0,237.6
2.06035,0.0,238.1
2.06174,0.0,238.7
2.06312,0.0,239.2
2.06451,0.0,239.7
2.06589,0.0,240.3
2.06728,0.0,240.8
2.06866,0.0,241.3
2.07005,0.0,241.9
2.07143,0.0,242.4
2.07281,0.0,243.0
2.07420,0.0,243.5
2.07558,0.0,244.0
2.07697,0.0,244.6
2.07835,0.0,245.1
2.07974,0.0,245.6
2.08112,0.0,246.2
2.08250,0.0,246.7
2.08389,0.0,247.2
2.08527,0.0,247.8
2.08666,0.0,248.3
2.08804,0.0,248.8
2.08943,0.0,249.4
2.09081,0.0,249.9
2.09220,0.0,250.4
2.09358,0.0,251.0
2.09496,0.0,251.5
2.09635,0.0,252.0
2.09773,0.0,252.6
2.09912,0.0,253.1
2.10050,0.0,253.6
2.10189,0.0,254.2
2.10327,0.0,254.7
2.10465,0.0,255.2
2.10604,0.0,255.7
2.10742,0.0,256.3
2.10881,0.0,256.8
2.11019,0.0,257.3
2.11158,0.0,257.9
2.11296,0.0,258.4
2.11435,0.0,258.9
2.11573,0.0,259.4
2.11711,0.0,260.0
2.11850,0.0,260.5
2.11988,0.0,261.0
2.12127,0.0,261.6
2.12265,0.0,262.1
2.12404,0.0,262.6
2.12542,0.0,263.1
2.12680,0.0,263.7
2.12819,0.0,264.2
2.12957,0.0,264.7
2.13096,0.0,265.2
2.13234,0.0,265.8
2.13373,0.0,266.3
2.13511,0.0,266.8
2.13650,0.0,267.3
2.13788,0.0,267.9
2.13926,0.0,268.4
2.14065,0.0,268.9
2.14203,0.0,269.4
2.14342,0.0,269.9
2.14480,0.0,270.5
2.14619,0.0,271.0
2.14757,0.0,271.5
2.14895,0.0,272.0
2.15034,0.0,272.5
2.15172,0.0,273.1
2.15311,0.0,273.6
2.15449,0.0,274.1
2.15588,0.0,274.6
2.15726,0.0,275.1
2.15865,0.0,275.7
2.16003,0.0,276.2
2.16141,0.0,276.7
2.16280,0.0,277.2
2.16418,0.0,277.7
2.16557,0.0,278.3
2.16695,0.0,278.8
2.16834,0.0,279.3
2.16972,0.0,279.8
2.17111,0.0,280.3
2.17249,0.0,280.8
2.17387,0.0,281.4
2.17526,0.0,281.9
2.17664,0.0,282.4
2.17803,0.0,282.9
2.17941,0.0,283.4
2.18080,0.0,283.9
2.18218,0.0,284.4
2.18356,0.0,285.0
2.18495,0.0,285.5
2.18633,0.0,286.0
2.18772,0.0,286.5
2.18910,0.0,287.0
2.19049,0.0,287.5
2.19187,0.0,288.0
2.19326,0.0,288.6
2.19464,0.0,289.1
2.19602,0.0,289.6
2.19741,0.0,290.1
2.19879,0.0,290.6
2.20018,0.0,291.1
2.20156,0.0,291.6
2.20295,0.0,292.1
2.20433,0.0,292.6
2.20571,0.0,293.2
2.20710,0.0,293.7
2.20848,0.0,294.2
2.20987,0.0,294.7
2.21125,0.0,295.2
2.21264,0.0,295.7
2.21402,0.0,296.2
2.21541,0.0,296.7
2.21679,0.0,297.2
2.21817,0.0,297.7
2.21956,0.0,298.2
2.22094,0.0,298.8
2.22233,0.0,299.3
2.22371,0.0,299.8
2.22510,0.0,300.3
2.22648,0.0,300.8
2.22786,0.0,301.3
2.22925,0.0,301.8
2.23063,0.0,302.3
2.23202,0.0,302.8
2.23340,0.0,303.3
2.23479,0.0,303.8
2.23617,0.0,304.3
2.23756,0.0,304.8
2.23894,0.0,305.3
2.24032,0.0,305.8
2.24171,0.0,306.3
2.24309,0.0,306.8
2.24448,0.0,307.3
2.24586,0.0,307.8
2.24725,0.0,308.3
2.24863,0.0,308.8
2.25002,0.0,309.3
2.25140,0.0,309.8
2.25278,0.0,310.3
2.25417,0.0,310.9
2.25555,0.0,311.4
2.25694,0.0,311.9
2.25832,0.0,312.4
2.25971,0.0,312.9
2.26109,0.0,313.4
2.26247,0.0,313.9
2.26386,0.0,314.4
2.26524,0.0,314.9
2.26663,0.0,315.4
2.26801,0.0,315.9
2.26940,0.0,316.3
2.27078,0.0,316.8
2.27217,0.0,317.3
2.27355,0.0,317.8
2.27493,0.0,318.3
2.27632,0.0,318.8
2.27770,0.0,319.3
2.27909,0.0,319.8
2.28047,0.0,320.3
2.28186,0.0,320.8
2.28324,0.0,321.3
2.28462,0.0,321.8
2.28601,0.0,322.3
2.28739,0.0,322.8
2.28878,0.0,323.3
2.29016,0.0,323.8
2.29155,0.0,324.3
2.29293,0.0,324.8
2.29432,0.0,325.3
2.29570,0.0,325.8
2.29708,0.0,326.3
2.29847,0.0,326.8
2.29985,0.0,327.3
2.30124,0.0,327.8
2.30262,0.0,328.2
2.30401,0.0,328.7
2.30539,0.0,329.2
2.30677,0.0,329.7
2.30816,0.0,330.2
2.30954,0.0,330.7
2.31093,0.0,331.2
2.31231,0.0,331.7
2.31370,0.0,332.2
2.31508,0.0,332.7
2.31647,0.0,333.2
2.31785,0.0,333.7
2.31923,0.0,334.1
2.32062,0.0,334.6
2.32200,0.0,335.1
2.32339,0.0,335.6
2.32477,0.0,336.1
2.32616,0.0,336.6
2.32754,0.0,337.1
2.32892,0.0,337.6
2.33031,0.0,338.1
2.33169,0.0,338.5
2.33308,0.0,339.0
2.33446,0.0,339.5
2.33585,0.0,340.0
2.33723,0.0,340.5
2.33862,0.0,341.0
2.34000,0.0,341.5
